   1.0000000000000000e+00  -5.9637727070163997e+00   1.9125339333078244e+01  -4.0341474540744173e+01   6.1537466875368821e+01  -7.0019717951472202e+01   6.0298814235238908e+01  -3.8733792862566332e+01   1.7993533279581083e+01  -5.4979061224867767e+00   9.0332828533799836e-01
   1.0000000000000000e+00  -4.6377947119071452e+00   1.3502215749461570e+01  -2.6155952405269751e+01   3.8589668330738320e+01  -4.3038990303252589e+01   3.7812927599537076e+01  -2.5113598088113736e+01   1.2703182701888053e+01  -4.2755083391143343e+00   9.0332828533799814e-01
   1.0000000000000000e+00  -3.0591317915750906e+00   8.6417489609637368e+00  -1.4278790253808808e+01   2.1302268283304240e+01  -2.2193853972079143e+01   2.0873499791105353e+01  -1.3709764520609323e+01   8.1303553577931247e+00  -2.8201643879900344e+00   9.0332828533799470e-01
   1.0000000000000000e+00  -1.4071749185996769e+00   5.6904141470697560e+00  -5.7374718273676368e+00   1.1958028362868911e+01  -8.5435280598354737e+00   1.1717345583835968e+01  -5.5088290876998691e+00   5.3536787286077665e+00  -1.2972519209655604e+00   9.0332828533799980e-01
   1.0000000000000000e+00   8.2010906117760274e-01   5.1673756579268604e+00   3.2580350909220908e+00   1.0392903763919191e+01   4.8101776408669057e+00   1.0183724507092506e+01   3.1282000712126736e+00   4.8615933365571973e+00   7.5604535083144853e-01   9.0332828533799969e-01
   1.0000000000000000e+00   2.7080869856154481e+00   7.8319071217995537e+00   1.2201607990980708e+01   1.8651500443681556e+01   1.8758157568004464e+01   1.8276088095998926e+01   1.1715361303018827e+01   7.3684394621253020e+00   2.4965418284511718e+00   9.0332828533799703e-01
   1.0000000000000000e+00   4.9479835250075910e+00   1.4691607003177603e+01   2.9082414772101068e+01   4.3179839108869345e+01   4.8440791644688900e+01   4.2310703962394356e+01   2.7923434247706446e+01   1.3822186510471017e+01   4.5614664160654375e+00   9.0332828533799958e-01
   1.0000000000000000e+00   6.1701893352279864e+00   2.0127225876810350e+01   4.2974193398071741e+01   6.5958045321253593e+01   7.5230437667866795e+01   6.4630411355740080e+01   4.1261591079244290e+01   1.8936128791950622e+01   5.6881982915180593e+00   9.0332828533800336e-01
   1.0000000000000000e+00   7.4092912870072425e+00   2.6857944460290160e+01   6.1578787811202332e+01   9.8258255839887511e+01   1.1359460153696327e+02   9.6280452143026380e+01   5.9124742025776612e+01   2.5268527576524320e+01   6.8305064480743436e+00   9.0332828533800535e-01
   1.0000000000000000e+00   8.5743055776347692e+00   3.4306584753117903e+01   8.4035290411037110e+01   1.3928510844056831e+02   1.6305115418161648e+02   1.3648147221895817e+02   8.0686288623299944e+01   3.2276361903872200e+01   7.9045143816244963e+00   9.0332828533800003e-01
