   9.0928451882350956e-10  -0.0000000000000000e+00  -4.5464225941175478e-09  -0.0000000000000000e+00   9.0928451882350956e-09  -0.0000000000000000e+00  -9.0928451882350956e-09  -0.0000000000000000e+00   4.5464225941175478e-09  -0.0000000000000000e+00  -9.0928451882350956e-10
   9.0928639888111007e-10   0.0000000000000000e+00  -4.5464319944055494e-09   0.0000000000000000e+00   9.0928639888110988e-09   0.0000000000000000e+00  -9.0928639888110988e-09   0.0000000000000000e+00   4.5464319944055494e-09   0.0000000000000000e+00  -9.0928639888111007e-10
   9.0928646492642129e-10   0.0000000000000000e+00  -4.5464323246321064e-09   0.0000000000000000e+00   9.0928646492642127e-09   0.0000000000000000e+00  -9.0928646492642127e-09   0.0000000000000000e+00   4.5464323246321064e-09   0.0000000000000000e+00  -9.0928646492642129e-10
   9.0928706182467255e-10   0.0000000000000000e+00  -4.5464353091233625e-09   0.0000000000000000e+00   9.0928706182467251e-09   0.0000000000000000e+00  -9.0928706182467251e-09   0.0000000000000000e+00   4.5464353091233625e-09   0.0000000000000000e+00  -9.0928706182467255e-10
   9.0928658835421734e-10   0.0000000000000000e+00  -4.5464329417710870e-09   0.0000000000000000e+00   9.0928658835421740e-09   0.0000000000000000e+00  -9.0928658835421740e-09   0.0000000000000000e+00   4.5464329417710870e-09   0.0000000000000000e+00  -9.0928658835421734e-10
   9.0928659616426674e-10  -0.0000000000000000e+00  -4.5464329808213341e-09  -0.0000000000000000e+00   9.0928659616426682e-09  -0.0000000000000000e+00  -9.0928659616426682e-09  -0.0000000000000000e+00   4.5464329808213341e-09  -0.0000000000000000e+00  -9.0928659616426674e-10
   9.0928348598308410e-10  -0.0000000000000000e+00  -4.5464174299154200e-09  -0.0000000000000000e+00   9.0928348598308400e-09  -0.0000000000000000e+00  -9.0928348598308400e-09  -0.0000000000000000e+00   4.5464174299154200e-09  -0.0000000000000000e+00  -9.0928348598308410e-10
   9.0929582752648066e-10   0.0000000000000000e+00  -4.5464791376324036e-09   0.0000000000000000e+00   9.0929582752648073e-09   0.0000000000000000e+00  -9.0929582752648073e-09   0.0000000000000000e+00   4.5464791376324036e-09   0.0000000000000000e+00  -9.0929582752648066e-10
   9.0926389052076022e-10   0.0000000000000000e+00  -4.5463194526038007e-09   0.0000000000000000e+00   9.0926389052076014e-09   0.0000000000000000e+00  -9.0926389052076014e-09   0.0000000000000000e+00   4.5463194526038007e-09   0.0000000000000000e+00  -9.0926389052076022e-10
   9.0906203307668878e-10   0.0000000000000000e+00  -4.5453101653834434e-09   0.0000000000000000e+00   9.0906203307668868e-09   0.0000000000000000e+00  -9.0906203307668868e-09   0.0000000000000000e+00   4.5453101653834434e-09   0.0000000000000000e+00  -9.0906203307668878e-10
